FULT          333627    934849      0.00         1
HUDS          361354    951136      0.00         1
HALL          361305    963838      0.00         1
ARLI          375344    981117      1.80         1
HASK          354923    953839      0.00         1
DURC          383036    971753      0.60         1
PANA          350947    943850      0.00         1
BCED          343818    943645      0.01         1
IDAB          335628    944530      0.00         1
CARE          350960    993000      0.00         1
GSAL          364440    980808      0.00         1
PENS          362817    950219      0.07         1
HULA          365544    960518      0.46         1
FGIB          355216    951343      0.00         1
TENK          353548    950257      0.01         1
ROBE          352057    944643      0.00         1
WEBB          353512    951006      0.00         1
LEWS          330409    965751      0.00         1
ELGI          370013    961854      0.42         1
JOHN          381412    954606      0.66         1
LANA          363557    942658      0.06         1
COOL          380134   1020041      0.09         1
DEKA          334115    944139      0.04         1
FLOR          381410    965237      1.10         1
CEDP          381155    964922      0.70         1
CLIM          374230    961330      0.08         1
WHEE          352560   1001560      0.00         1
MIAT          365360    945205      0.51         1
CLRK          352806    932746      0.00         1
MUSK          354550    951750      0.00         1
SWEE          352520    995808      0.00         1
INDX          333307    940228      0.03         1
VANB          352542    942137      0.00         1
ELKA          352460    992500      0.00         1
RSVT          344953    990727      0.00         1
PATM          335110    953238      0.00         1
TRUS          334752    995011      0.00         1
QUAP          365604    944445      0.41         1
RALS          363015    964341      0.02         1
BIGH          371612    952812      0.23         1
WARW          354031    970033      0.00         1
BEAV          364920   1003105      0.00         1
PLYM          382351    962121      0.02         1
CALV          345840    961436      0.00         1
WLTR          345915    933645      0.01         1
SPER          361642    955714      0.00         1
DDVM          372635    934105      0.21         1
GRAV          345221    933924      0.01         1
MEKS          384754    973428      0.29         1
WOO2          362618    991640      0.00         1
NLSK          385808    972834      0.02         1
HEAD          343760    990560      0.01         1
SNYD          343816    985953      0.00         1
OTTK          383700    951525      0.00         1
MANH          391414    963416      1.25         1
WIT1          374412    972922      1.02         1
JOPL          370123    943058      0.09         1
HRTF          381820    955739      0.86         1
ATLA          372602    964618      0.22         1
CAPR          325540   1035124      0.00         1
GBEN          382111    984550      0.46         1
DURH          383117    971250      1.03         1
MATF          381118    963403      0.79         1
NEKO          382807    992207      0.17         1
EURA          374900    961760      0.93         1
DUNL          383317    962216      0.52         1
COLL          362341    954840      0.00         1
ROXT          333241    954323      0.00         1
RANG          363238   1010450      0.00         1
KNDL          375548   1013256      0.00         1
TULA          360837    960013      0.00         1
BENJ          333839    994802      0.00         1
TPAK          390400    953858      0.49         1
DETR          333934    951517      0.00         1
DEKB          332846    943704      0.01         1
SUMN          343615   1042314      0.00         1
REAG          342051    964228      0.00         1
AMES          361307    981516      0.00         1
CHIL          341339   1000424      0.00         1
TRUN          334914    994710      0.00         1
PARK          384455    963859      0.34         1
AMER          382800    961500      0.25         1
ENID          362234    974804      0.00         1
BOWI          332808    975156      0.00         1
BEVR          362460    935060      0.01         1
KINS          375533    992231      0.97         1
MOR1          350736    924354      0.01         1
HAMM          353923    991821      0.00         1
MCGM          342730    955300      0.00         1
DEQR          340251    942447      0.01         1
CENT          350500    935500      0.02         1
RAYD          362220   1045810      0.00         1
GDWL          364221   1013811      0.00         1
FORG          370040   1002929      0.00         1
COLN          333344    965449      0.00         1
PROS          331414    964831      0.00         1
VANL          353000    942700      0.00         1
MULB          353437    940055      0.00         1
VALF          375021    972404      1.16         1
ASPM          332002   1001416      0.00         1
SEDG          375259    972530      1.18         1
WAYS          345015   1012449      0.00         1
AUGW          374047    965946      0.75         1
JUST          330218   1011150      0.00         1
RUDY          353132    941618      0.00         1
BARL          352055    941753      0.00         1
ARKC          370330    970130      0.65         1
WIT3          374045    972727      0.98         1
GUYC          363419   1012252      0.00         1
BUFF          365107    991854      0.05         1
CAUT          345508    941755      0.01         1
DEQC          340245    941242      0.00         1
EKLY          351727    983144      0.00         1
OKC1          352844    973947      0.00         1
MLCP          342513    964531      0.00         1
FOSB          353220    991010      0.00         1
ROSW          332426   1042827      0.00         1
RSWL          331755   1044320      0.00         1
DAIM          332057   1045105      0.00         1
MILT          334128    935710      0.01         1
LD05          342448    920607      0.01         1
MURR          344760    922060      0.00         1
OPPE          350726    924711      0.01         1
DARD          351500    931000      0.00         1
GILL          341237    941344      0.01         1
MANG          345130    993030      0.00         1
MCGE          341900    955160      0.00         1
POWR          363934    930734      0.03         1
WFAL          335434    983160      0.00         1
LIPS          361419   1001631      0.00         1
KONO          345560    964059      0.00         1
PAGE          344625    943043      0.00         1
WICH          373841    972006      1.30         1
MRTA          331143    942931      0.00         1
GALE          364819    932741      0.03         1
OZAR          352821    934846      0.00         1
CANA          355606   1002213      0.00         1
ALTO          373147    954029      0.29         1
HOOV          343229    971449      0.00         1
COFF          370020    953532      0.64         1
CIRF          335438   1045936      0.00         1
DOVE          355706    975451      0.00         1
MACK          375220    985230      1.58         1
MERE          354238   1013303      0.00         1
CAME          370440    965107      0.72         1
HARP          371645    980226      1.11         1
ALED          382753    993720      0.15         1
BAXT          370125    944315      0.17         1
MILC          342417    965148      0.00         1
COYV          374220    955420      0.52         1
NEOD          372460    954000      0.14         1
MALG          321047   1034318      0.00         1
TIFF          363750    943512      0.11         1
EAGL          340230    943715      0.00         1
DEXT          371047    964257      0.40         1
GLOV          340551    945407      0.00         1
PERR          361660    971760      0.00         1
TOWA          374745    970045      1.11         1
CHIB          364617    953014      0.00         1
IOLA          375520    952535      0.40         1
DUTC          355248    942911      0.01         1
DAVI          342554    970849      0.00         1
PARS          371839    950637      0.09         1
CHAU          374349    952626      0.28         1
EAKL          351726    983538      0.00         1
ELDN          355516    945018      0.00         1
GUTH          355510    972535      0.00         1
TONK          364019    971833      0.00         1
SHRE          323000    934500      0.00         1
COMM          365543    945726      0.90         1
BEAU          373920    963206      0.39         1
ALHR          330330   1010230      0.00         1
BCAB          363406    950907      0.01         1
WATT          360748    943412      0.01         1
ALTU          345315    991747      0.00         1
SILS          360841    942941      0.00         1
AMAZ          375350   1012627      0.00         1
TOMS          344400    985912      0.00         1
NEWT          360329    953206      0.00         1
TAYL          361749   1042936      0.00         1
PINE          340643    950446      0.00         1
BENB          323902    972654      0.00         1
EUFA          351825    952145      0.00         1
DAVD          341213    990455      0.00         1
CLDY          341932    951156      0.00         1
CANT          360503    983605      0.00         1
FSWC          362658    993519      0.00         1
WAUB          340931    980026      0.00         1
HOMI          362825    962243      0.00         1
TERR          335243    975603      0.00         1
WINF          371327    965940      0.26         1
INDP          371326    954043      0.53         1
MURD          373342    975113      0.74         1
ELDW          374901    965021      1.05         1
WAUR          341357    980251      0.00         1
CEDA          370636    962922      0.34         1
ARBU          342560    970148      0.00         1
PECK          372734    972520      0.70         1
FALL          373848    960439      0.49         1
KAWA          364136    965548      0.09         1
HEYB          355652    961755      0.00         1
SKIA          362102    960513      0.00         1
FCOB          350954    982742      0.00         1
RAMO          363031    955036      0.15         1
CORB          370744    973604      0.40         1
ENSO2         362460    974100      0.00         4
HBSO2         350000    990160      0.00         4
HISO2         344060    994960      0.00         4
CASO2         343760    951960      0.00         4
IDSO2         335000    945300      0.00         4
JYSO2         362900    944660      0.04         4
CDSO2         341400    951500      0.00         4
KFSO2         355260    975500      0.01         4
LHSO2         362260    980660      0.00         4
BRSO2         354660    962060      0.00         4
MNSO2         345000    992600      0.00         4
MASO2         360400    971300      0.00         4
BSSO2         352360    990360      0.00         4
MFSO2         364660    974500      0.11         4
LWSO2         344400    983360      0.00         4
BFSO2         365000    993800      0.23         4
MHSO2         341760    944960      0.00         4
NKSO2         364900    965500      0.42         4
EKSO2         351217    994814      0.00         4
OMSO2         352560    961560      0.00         4
OGSO2         353500    955500      0.00         4
EUSO2         351760    954000      0.00         4
PRSO2         360000    970260      0.00         4
POSO2         362200    951560      0.05         4
FFSO2         363760    964860      0.00         4
RTSO2         350760    992160      0.00         4
RNSO2         341060    973460      0.00         4
BNSO2         335260    971560      0.00         4
SHSO2         352200    965700      0.00         4
SKSO2         362460    960160      0.00         4
BVSO2         364760   1003160      0.01         4
STSO2         351560    951100      0.00         4
SRSO2         360700    970560      0.00         4
GDSO2         363600   1013560      0.00         4
TQSO2         355800    945900      0.00         4
THSO2         344300    950060      0.00         4
GTSO2         355100    972900      0.00         4
VNSO2         364660    951300      0.28         4
WTSO2         342200    981860      0.00         4
CYSO2         353700    994100      0.01         4
WRSO2         340960    975900      0.00         4
WXSO2         353060    984560      0.00         4
BTSO2         353500    991560      0.00         4
PTSO2         345900    944100      0.02         4
WWSO2         362460    992500      0.00         4
BLSO2         364500    971500      0.13         4
ACSO2         344760    980000      0.00         4
APSO2         345460    981760      0.00         4
BCSO2         364060   1023000      0.00         4
AVSO2         364660    984000      0.00         4
GRSO2         341400    984400      0.00         4
ATSO2         360400    995400      0.01         4
NRSO2         351900    972800      0.00         4
CLSO2         361900    953900      0.00         4
SMSO2         350960    963800      0.00         4
MSSO2         360700    973560      0.00         4
ARSO2         341131    970505      0.00         4
CHEK          362031    943515      0.02         1
AMA           351400   1014200      0.00         2
CAO           362700   1030900      0.00         2
COS           384900   1044300      0.00         2
DDLA4         351400    931000      0.00         2
EMP           382000    961100      1.01         2
FSI           343860    982500      0.00         2
GCK           375560   1004300      0.00         2
HOSO2         344200    995500      0.00         2
HWDK1         373060    961200      0.31         2
JLN           370860    943000      0.10         2
LAMM7         373000    941560      0.50         2
LHX           380260   1033060      0.00         2
CNSK1         372260    973900      0.72         2
FLOK1         381432    965527      0.55         2
AGTK1         373960    965700      0.74         2
CDWK1         370160    973560      0.22         2
WNNO2         365460    954760      0.43         2
CRYK1         371200    953160      0.63         2
MRTO2         335560    970660      0.00         2
OSWK1         370960    950560      0.22         2
BOGA4         341900    942600      0.01         2
NWKO2         365260    970260      0.25         2
BVOT2         353860   1030000      0.00         2
HSSK1         380760    972600      1.00         2
HMBK1         374900    952700      0.88         2
GRDK1         380600    955300      0.47         2
VNTO2         363960    950800      0.10         2
LINO2         344560    973560      0.00         2
CMBK1         370960    945060      0.09         2
ERIK1         373400    951500      0.72         2
TKAO2         343700    951660      0.00         2
BURO2         364200    964400      0.46         2
LENO2         365100    953800      0.39         2
WALC2         373760   1044660      0.00         2
GRUT2         361500   1012400      0.00         2
HUTK1         380000    975300      0.72         2
PAPT2         353400   1005700      0.00         2
VGAT2         351500   1022500      0.00         2
SHPK1         381560    953900      0.77         2
ARGK1         371560    974560      1.11         2
STWO2         360700    970460      0.00         2
SHAO2         352100    965400      0.00         2
HSDK1         380000    973000      1.61         2
DQEA4         340160    941960      0.00         2
ASHA4         333760    940800      0.00         2
CNYA4         350600    922700      0.04         2
FOLT2         362560   1000800      0.00         2
LMRC2         380500   1023660      0.03         2
MSHO2         360860    973660      0.00         2
BRTK1         370260    951300      0.45         2
ORDC2         381300   1034300      0.11         2
GLDM7         371760    940460      0.20         2
CUSO2         355900    964560      0.00         2
CTRA4         351900    923360      0.01         2
WAYO2         363500    985160      0.00         2
BSNK1         383060    991200      0.64         2
PEAK1         380960    970560      0.62         2
BLFK1         375200    993900      0.98         2
BFLO2         365000    993660      0.26         2
HLBK1         382100    971200      0.73         2
HRDO2         363260   1010460      0.68         2
WNDK1         382260    975300      0.50         2
COLK1         371560    991960      0.25         2
LWTO2         343700    982900      0.00         2
GDWO2         363600   1013660      0.00         2
NWTK1         380160    972300      1.07         2
BRMO2         365460    971960      0.70         2
HARD          365630    964760      0.42         1
STOT2         342900   1011860      0.00         2
FLRC2         380700   1040160      0.13         2
EDLK1         382460    964960      0.56         2
SGLC2         391500   1062160      0.12         2
FORA4         334200    942500      0.00         2
CHSK1         382000    981860      0.66         2
NEOM7         365200    942160      0.43         2
WLNK1         373600    950460      0.51         2
JTMK1         381500    995800      2.83         2
OFFK1         374900    993360      0.82         2
CLFK1         383060    983160      0.89         2
WTCK1         384760    964400      0.29         2
MTHK1         375200    974000      1.06         2
LGTK1         372260    960460      0.29         2
PYPK1         374660    980060      0.80         2
GLBK1         372800    952060      0.26         2
MUTO2         361400    991000      0.00         2
GUTO2         355260    972700      0.00         2
TUCN5         351200   1034100      0.00         2
POWM7         363700    941100      0.13         2
ELBK1         380260    970800      0.79         2
WEAO2         353060    984200      0.00         2
JMDC2         380359   1025555      0.00         2
EGNN5         363260   1051560      0.09         2
BSHT2         351060   1020460      0.00         2
AKCK1         370400    970160      0.73         2
ENIO2         362460    975160      0.00         2
HLDO2         341400    973000      0.00         2
BSTO2         342260    945600      0.00         2
CTHM7         371060    941860      0.10         2
IOAK1         375460    952600      0.42         2
SRLK1         381300    981200      0.70         2
PANT2         352100   1012300      0.00         2
HERT2         344900   1022400      0.00         2
CENO2         343600    961960      0.00         2
PART2         333960    953360      0.00         2
FMTC2         392200   1061200      0.10         2
KINO2         355100    975400      0.00         2
PARK1         372200    951660      0.12         2
MVLK1         371060    952700      0.47         2
ELDK1         374900    964960      1.18         2
SEMO2         351400    964000      0.00         2
DNVA4         350260    932400      0.08         2
WONK1         380700    964400      1.42         2
DAWS          364050   1044708      0.00         1
MCPK1         382260    974000      0.74         2
CTVA4         350500    931100      0.00         2
CANK1         370060    960000      0.70         2
ROSK1         374900    963660      1.08         2
ATAK1         373060    954000      0.25         2
CNYK1         380400    952060      0.48         2
YATK1         375260    954300      0.55         2
LIT           344400    921400      0.00         2
MKO           353930    952145      0.00         2
NESK1         382700    995400      0.46         2
OZAA4         353000    935060      0.00         2
PPF           372000    953000      0.33         2
PUB           381660   1043060      0.03         2
RVS           360160    955900      0.00         2
SWO           360960    970460      0.00         2
TCC           351060   1033560      0.00         2
TUL           361060    955400      0.00         2
KIOW          370217    982804      0.26         1
BRMC2         390500   1063160      0.20         2
ANYK1         370860    980060      0.32         2
BLAO2         364900    971400      0.47         2
BUCK1         373260    993800      0.43         2
CRDO2         351660    985900      0.00         2
ERIO2         351200    994760      0.00         2
FYVA4         360400    941000      0.00         2
HELO2         363160    981560      0.00         2
KRVC2         384400   1033160      0.07         2
MENA4         343400    941560      0.04         2
OZOA4         353760    932700      0.00         2
PRGO2         352900    964200      0.00         2
RETO2         350960    992160      0.00         2
SPVO2         362100    944860      0.32         2
TSCT2         334500    994860      0.00         2
WNFK1         371400    965900      0.53         2
WTNO2         355100    982500      0.00         2
BKFC2         390060   1044200      0.01         2
CBRT2         340700    994400      0.00         2
CHWC2         380600   1033000      0.00         2
CNNC2         382560   1051560      0.00         2
DMMT2         343500   1021860      0.00         2
GHRT2         333700   1001860      0.00         2
GRDO2         340060    973900      0.00         2
LZK           345000    921500      0.00         2
MTDT2         340060   1004960      0.00         2
NROA4         345700    931000      0.14         2
PDCT2         340060   1001760      0.00         2
RUSC2         385000   1040460      0.05         2
BNVC2         385100   1060800      0.02         2
GAG           361760    994560      0.00         2
NMNO2         351060    972700      0.00         2
WLSC2         372260   1021500      0.01         2
ASHK1         371200    994560      0.16         2
GESK1         375900   1004860      0.00         2
MCCK1         383500    993360      0.63         2
ULYK1         373400   1012060      0.01         2
LBLK1         370160   1005500      0.00         2
CHAO2         342700    983660      0.00         2
SGF           371400    932300      0.14         2
TRBK1         382800   1014560      0.00         2
LTS           343700    992300      0.00         2
DMDM7         365900    941860      0.10         2
TULT2         343160   1014560      0.00         2
PUEC2         381060   1043900      0.00         2
MWOA4         334060    935800      0.00         2
MEMT2         344400   1003260      0.00         2
LMOC2         390000   1034400      0.02         2
HSWC2         382700   1030900      0.05         2
FREO2         364560    990660      0.07         2
CNYO2         352100    984100      0.00         2
CHKO2         350260    975500      0.00         2
BILO2         363160    972700      0.00         2
WSKC2         371300   1050660      0.00         2
TURT2         342360   1005400      0.00         2
SUBA4         351760    933900      0.00         2
QNHT2         341500    994100      0.00         2
PDUT2         334900   1001760      0.00         2
MKRO2         353000    965900      0.00         2
LAVO2         364200    995400      0.00         2
JEFO2         364300    974760      0.00         2
HSYO2         360500    975160      0.00         2
GOEK1         381500    972060      0.51         2
FRIT2         343760   1024300      0.00         2
EPRK1         382560    961200      1.20         2
CKVA4         353160    932400      0.00         2
BTAT2         335000    973660      0.00         2
BEVO2         353960    944760      0.00         2
AHNA4         341900    935800      0.00         2
JOEP          323836    970003      0.00         1
WALO2         342100    981760      0.00         2
TIK           352560    972400      0.00         2
TAD           371500   1041960      0.00         2
SPS           335800    982900      0.00         2
PWA           353160    973800      0.00         2
PTSK1         372100    943800      0.13         2
PNC           364400    970560      0.16         2
OKC           352360    973560      0.00         2
MLC           345260    954660      0.00         2
MADO2         340500    964560      0.00         2
LIC           391060   1034200      0.08         2
LAW           343400    982500      0.00         2
LAA           380400   1024100      0.05         2
ICT           373860    972600      0.91         2
HUT           380400    975160      0.77         2
HBR           350000    990260      0.00         2
FSM           352000    942160      0.00         2
END           362100    975400      0.00         2
DHT           360060   1023260      0.00         2
DDC           374560    995800      0.18         2
CHRO2         364560    982060      0.00         2
CDS           342560   1001760      0.00         2
BVO           364500    960000      0.19         2
ADM           341760    970060      0.00         2
FTSO2         343307    964304      0.00         4
CHSO2         353860    964760      0.00         4
BBSO2         340160    943660      0.00         4
NESO2         361400    971200      0.00         4
CNSO2         343700    961860      0.00         4
INSO2         360860    952700      0.00         4
PESO2         355000    953360      0.00         4
CMSO2         360160    992060      0.00         4
VASO2         344660    965060      0.00         4
HESO2         355000    960000      0.00         4
HLSO2         345900    961960      0.00         4
NISO2         345800    975700      0.00         4
WYSO2         363060    961960      0.00         4
SFSO2         345100    970000      0.00         4
WBSO2         345360    951960      0.00         4
WVSO2         360060    943900      0.01         4
ALSO2         343500    991960      0.00         4
WNSO2         355000    983160      0.00         4
PCSO2         345900    973060      0.00         4
HSSO2         354500    953800      0.00         4
TSSO2         342000    964100      0.00         4
TPSO2         342560    990800      0.00         4
CRSO2         364500    982160      0.00         4
SLSO2         343400    965700      0.00         4
SUSO2         345260    960360      0.00         4
FCSO2         350860    982800      0.00         4
SPSO2         363600   1001560      0.00         4
FDSO2         364400    990800      0.00         4
SESO2         361060    990160      0.00         4
SSSO2         352560    944760      0.00         4
PWSO2         365000    962600      0.33         4
PYSO2         362200    970900      0.00         4
PMSO2         355360    985800      0.00         4
FVSO2         361560    983000      0.00         4
PNSO2         362200    964500      0.00         4
PVSO2         344300    971400      0.00         4
BXSO2         355800    955160      0.00         4
DRSO2         360160    963000      0.00         4
NTSO2         364500    953660      0.10         4
ERSO2         353260    980160      0.00         4
MOSO2         351660    975800      0.00         4
MISO2         365260    945060      0.51         4
DTSO2         335460    961860      0.00         4
MCSO2         345260    954560      0.00         4
MYSO2         365900    990060      0.25         4
CPSO2         365460    955300      0.32         4
MDSO2         340160    965600      0.00         4
LNSO2         341900    960060      0.00         4
TKSO2         354060    945060      0.01         4
DNSO2         343160    974560      0.00         4
KTSO2         365200   1025300      0.00         4
ANSO2         341400    954200      0.00         4
HGSO2         340160    953160      0.00         4
HKSO2         365200   1011400      0.00         4
CCSO2         350160    975500      0.00         4
HTSO2         352900    982900      0.00         4
ADSO2         344760    964000      0.00         4
DERB          373234    971631      0.20         1
SKIH          362109    960518      0.00         1
BURL          381140    954410      0.57         1
WEWO          351142    961453      0.00         1
LARN          381213    990005      0.40         1
COPA          365308    955817      0.31         1
BERR          362536    933715      0.00         1
SEDA          370704    961053      0.35         1
BIRC          363205    960945      0.01         1
ARCA          353854    972147      0.00         1
KEYS          360906    961506      0.00         1
BAZA          381709    963044      0.79         1
COUG          383954    962938      0.60         1
PRAT          373816    984314      0.75         1
AARK          370323    970332      0.63         1
CLAK          392120    970734      0.83         1
CLND          385551    952002      0.00         1
FSUP          363314    993416      0.00         1
WDMA          351852    943333      0.00         1
BROK          340835    944100      0.00         1
DENI          334905    963420      0.00         1
SCOM          331300    955400      0.00         1
SARD          343745    952103      0.00         1
SNAN          312904   1002853      0.01         1
WMTN          344628    984445      0.00         1
ALBT          351400    982757      0.00         1
THUN          351315    971305      0.00         1
COOP          332032    953730      0.00         1
TORO          374430    955600      0.52         1
GORE          353423    950407      0.00         1
KANS          361154    944230      0.00         1
CLAR          361828    954153      0.00         1
SPAV          362260    950260      0.12         1
DICK          341359    965838      0.00         1
GARD          375721   1005237      0.00         1
WATO          354843    982514      0.00         1
BLAC          364831    971639      0.37         1
WAYN          363102    985245      0.00         1
CHEN          374336    974736      0.78         1
ANAD          350506    981436      0.00         1
PAWN          362037    964757      0.00         1
WACO          371444    943358      0.07         1
OOLV          362519    954043      0.00         1
LYON          381830    981130      0.55         1
HONO          343130    945600      0.00         1
MARC          382200    970460      1.48         1
MAR2          382100    970160      1.43         1
HUTC          375647    974629      1.80         1
SMIT          342740    943800      0.00         1
GREN          372129    962652      0.36         1
CLAY          343430    952026      0.00         1
HAVA          370540    955632      0.68         1
HTCC          380842    980021      0.54         1
WIT2          374205    972849      1.40         1
VIRG          375631    960049      1.08         1
MRTS          312600   1010560      0.00         1
CLIN          353152    985757      0.00         1
BURB          380945    993833      2.04         1
CASS          380137    963822      0.82         1
CHE2          374317    974739      1.17         1
PRYO          361827    952050      0.00         1
WALT          342144    981656      0.00         1
SEWA          354849    972840      0.00         1
LADO          332454    955627      0.00         1
WHIT          351545    951420      0.00         1
PAUL          344517    971504      0.00         1
GRAN          345320    992241      0.00         1
POTE          350335    943610      0.02         1
DESO          385900    945752      0.07         1
WGKS          391152    961816      0.45         1
LWRK          385440    951539      0.28         1
BART          364519    955810      0.23         1
FTSP          363529    993530      0.01         1
POMA          383851    953350      0.50         1
LOGR          360854    950930      0.00         1
CHIP          343409   1001137      0.00         1
MABE          334536    990833      0.03         1
STIG          350950    950613      0.00         1
FRDR          343035    985327      0.00         1
VIR2          375903    960126      1.20         1
DIER          340839    940553      0.00         1
WELI          371500    972412      0.41         1
TABL          363546    931835      0.07         1
TOAD          350430    923206      0.01         1
LD06          344007    920918      0.00         1
LD04          341456    915422      0.01         1
FAYE          360423    940451      0.01         1
NICK          380842    980639      0.61         1
VALC          374956    972316      1.21         1
SHAM          351551   1001429      0.00         1
SPEA          361208   1011820      0.00         1
TOPK          390600    954300      0.43         1
HORA          335510    942315      0.00         1
HOLL          345441    930321      0.00         1
ELKH          370730   1015350      0.01         1
FRON          380218   1020219      0.09         1
BURD          381224    993835      1.41         1
HALA          380143    973225      0.92         1
MOTG          333901    974530      0.00         1
SHER          332539    962406      0.00         1
SCOT          352755    930224      0.00         1
WICF          374258    972407      1.27         1
ZENI          380537    983245      0.55         1
VERN          341045    991640      0.00         1
CHAR          340320    981741      0.00         1
SYCA          362007    943824      0.09         1
LAMR          352658    932017      0.00         1
VALV          332616    971006      0.00         1
GUNT          332203    964620      0.00         1
FORR          332758    973457      0.00         1
ALTA          380644    973530      0.57         1
DEN2          334908    963347      0.00         1
MAKZ          343243   1012616      0.00         1
LOVE          360336    973505      0.00         1
LOCK          335743    940340      0.00         1
DIES          340545    940504      0.00         1
CHE1          375041    975609      1.66         1
DODG          374441   1000157      0.03         1
CONV          342260    963601      0.00         1
LEUC          362230    945606      0.17         1
LD03          340960    914100      0.00         1
DEQU          340553    942251      0.00         1
HART          344903    952850      0.00         1
NOR2          351002    972653      0.00         1
PADU          335702   1000352      0.00         1
LOWR          334745   1000429      0.00         1
STRD          354110    963945      0.00         1
BATD          321043   1042631      0.00         1
HUGH          325852    943912      0.00         1
CPMO          375212    934811      0.00         1
STAK          384845    944031      0.22         1
BMOB          350617    933753      0.03         1
GRAP          325821    970322      0.00         1
KENT          365536   1025731      0.00         1
DEER          375811   1010742      0.00         1
UNGE          340130    954504      0.00         1
BLUE          335949    961427      0.00         1
MAYS          362152    943304      0.14         1
BURK          340636    983153      0.00         1
PURC          350050    972050      0.00         1
DIAM          383408    964540      0.97         1
NYEC          370202   1001155      0.27         1
COT1          382155    963246      1.09         1
INMA          381348    974627      0.44         1
BEUC          362245    945612      0.25         1
FMUD          341617    955443      0.00         1
LAHO          362360    980560      0.00         1
CHER          371560    952805      0.16         1
ELDR          375047    964920      1.21         1
CHEY          353736    994006      0.00         1
CARL          350042    995412      0.00         1
TSTK          390015    975226      0.18         1
EWKS          384336    981400      0.36         1
BUNK          384738    984650      0.44         1
SEIL          361106    985515      0.00         1
CHOU          355156    952213      0.00         1
MAIZ          374653    972333      1.19         1
MKSL          381321    944004      0.18         1
SAYR          351705    993718      0.00         1
DRAW          333852   1041860      0.00         1
ELKF          372232    961107      0.35         1
BEGG          354026    960406      0.00         1
WETU          351553    961225      0.00         1
ALEX          345535    974630      0.00         1
AMAR          352813   1015245      0.00         1
FRED          373030    954960      0.32         1
CARN          350702    983349      0.00         1
MARI          382220    970455      0.00         1
LENA          365105    953506      0.36         1
KEMP          334530    990903      0.00         1
CORD          351728    985011      0.00         1
ELRE          353347    975726      0.00         1
LNGL          383600    975400      0.40         1
COLC          361921    944106      0.09         1
HUGO          340042    952249      0.00         1
SEYM          334201    992318      0.00         1
EPKS          385424    970712      0.16         1
ERIC          351300    995160      0.00         1
SYRA          375758   1014523      0.01         1
COUN          384045    963025      0.64         1
CIMR          363425   1045646      0.00         1
KELT          352823   1000714      0.00         1
ARTH          335232    953008      0.00         1
MCLE          351945   1003632      0.00         1
POWE          363657    941057      0.15         1
PINV          363502    942223      0.05         1
AUGU          374014    965848      0.72         1
ELKC          371639    954637      0.58         1
WIST          345610    944310      0.00         1
LEFO          352560   1004760      0.00         1
KAWL          364158    965518      0.15         1
OOLO          362521    954046      0.00         1
RIPL          355909    965443      0.00         1
ALBE          382740    990050      0.18         1
GAIN          334340    970935      0.00         1
ALVA          364845    983850      0.01         1
FOSS          353218    991042      0.00         1
ANTL          341455    953618      0.00         1
REDO          345445    950920      0.01         1
AVAN          362911    960345      0.00         1
CANC          365957    955644      0.21         1
THRA          375619    961822      1.13         1
BATE          333720   1001234      0.00         1
TAHL          355517    945515      0.00         1
